1:(2,5)
2:(3,5)
3:(4,5)
4:(5,5)
5:(7,5)
6:(8,5)
7:(9,5)
8:(10,5)
9:(6,1)
10:(6,2)
11:(6,3)
12:(6,4)
13:(6,6)
14:(6,7)
15:(6,8)
16:(6,9)
17:(2,1)
18:(3,2)
19:(4,3)
20:(5,4)
21:(8,7)
22:(9,8)
23:(10,9)
24:(10,1)
25:(9,2)
26:(8,3)
27:(7,4)
28:(4,7)
29:(3,8)
30:(2,9)
31:(1,6)
32:(2,6)
33:(3,6)
34:(4,6)
35:(8,6)
36:(9,6)
37:(5,2)
38:(5,3)
39:(5,7)
40:(5,8)
41:(5,9)
42:(5,10)
43:(1,2)
44:(2,3)
45:(3,4)
46:(7,8)
47:(8,9)
48:(9,10)
49:(1,10)
50:(10,6)
51:(11,6)
52:(7,2)
53:(7,3)
54:(7,7)
55:(7,9)
56:(7,10)
57:(11,10)
58:(11,2)
59:(10,3)
60:(9,4)
61:(4,9)
62:(3,10)

    3       3       3
  3   3   3 3 3   3   3
    3   3 3 3 3 3   3
      3   3 3 3   3
    3 3 3 3 1 3 3 3 3
  3 3 3 3 1 3 1 3 3 3 3
        3 3 3 3 3
      3   3 3 3   3
    3   3 3 3 3 3   3
  3   3   3   3   3   3




63:(2,5)
64:(3,5)
65:(4,5)
66:(5,5)
67:(7,5)
68:(8,5)
69:(9,5)
70:(10,5)
71:(2,1)
72:(3,2)
73:(4,3)
74:(5,4)
75:(8,7)
76:(10,9)
77:(10,1)
78:(9,2)
79:(8,3)
80:(7,4)
81:(4,7)
82:(2,9)
83:(1,6)
84:(2,6)
85:(3,6)
86:(4,6)
87:(8,6)
88:(9,6)
89:(5,2)
90:(5,3)
91:(5,7)
92:(5,9)
93:(5,10)
94:(1,2)
95:(2,3)
96:(3,4)
97:(8,9)
98:(9,10)
99:(1,10)
100:(10,6)
101:(11,6)
102:(7,2)
103:(7,3)
104:(7,7)
105:(7,9)
106:(7,10)
107:(11,10)
108:(11,2)
109:(10,3)
110:(9,4)
111:(4,9)
112:(3,10)
113:(2,8)
114:(4,8)
115:(8,8)
116:(10,8)
117:(6,10)
118:(6,11)
119:(6,12)
120:(2,4)
121:(8,10)
122:(9,11)
123:(10,12)
124:(10,4)
125:(4,10)
126:(3,11)
127:(2,12)

    3       3       3
  3   3   3 3 3   3   3
    3   3 3 3 3 3   3
    3 3   3 3 3   3 3
    3 3 3 3 1 3 3 3 3
  3 3 3 3 1 3 1 3 3 3 3
        3 3 3 3 3
    3 3 3 3 1 3 3 3 3
    3   3 3 3 3 3   3
  3   3 3 3 3 3 3 3   3
      3     3     3
    3       3       3